0
4
6
14
16
17
17
21
30
35
39
41
44
49
50
52
60
66
72
81
86
86
94
97
104
108
113
118
121
130
136
136
145
154
160
160
161
169
177
182
190
193
202
211
219
226
228
229
230
230
232
232
233
241
242
247
250
251
257
266
273
279
288
289
295
298
301
310
315
318
323
331
335
344
352
357
359
365
372
381
389
395
400
404
407
415
421
425
432
435
440
442
444
445
446
447
454
462
471
471
474
483
486
489
495
501
503
511
519
524
530
538
542
549
557
562
563
565
566
574
583
583
584
593
598
602
602
602
602
605
608
616
623
627
633
634
642
645
651
656
658
659
666
669
670
677
678
684
684
685
686
686
691
696
701
702
704
704
708
716
719
728
733
738
742
747
754
759
767
772
777
778
781
785
794
796
802
808
812
820
823
830
836
842
842
848
849
858
866
872
878
887
887
887
890
896
905
907
912
917
923
929
938
944
947
952
960
968
976
976
981
986
986
994
998
1004
1009
1017
1020
1020
1020
1028
1029
1035
1038
1040
1043
1049
1051
1059
1064
1072
1079
1086
1090
1097
1098
1106
1115
1123
1126
1135
1142
1146
1149
1149
1153
1157
1160
1169
1178
1185
1185
1191
1196
1198
1204
1208
1208
1208
1216
1220
1221
1227
1235
1235
1241
1243
1251
1251
1251
1252
1252
1258
1260
1265
1274
1277
1281
1286
1292
1292
1301
1304
1307
1315
1321
1328
1334
1340
1349
1352
1354
1359
1362
1367
1371
1372
1381
1382
1390
1392
1399
1405
1411
1419
1427
1434
1437
1442
1446
1455
1461
1468
1470
1470
1476
1484
1488
1496
1504
1513
1513
1519
1521
1527
1532
1536
1537
1543
1552
1561
1567
1571
1576
1576
1581
1588
1588
1596
1602
1602
1603
1605
1607
1609
1618
1627
1632
1638
1638
1643
1652
1655
1662
1666
1669
1676
1683
1689
1692
1697
1699
1700
1704
1709
1715
1719
1720
1726
1732
1735
1735
1735
1736
1742
1749
1751
1753
1753
1760
1764
1765
1773
1780
1787
1795
1798
1804
1811
1815
1824
1831
1838
1841
1844
1847
1854
1855
1855
1862
1863
1866
1875
1878
1879
1886
1892
1892
1897
1898
1901
1906
1907
1908
1908
1911
1914
1922
1922
1929
1932
1938
1941
1943
1951
1958
1965
1969
1970
1974
1979
1987
1989
1990
1992
1993
1993
1998
2005
2012
2012
2019
2022
2029
2030
2036
2036
2043
2046
2049
2054
2054
2055
2062
2067
2072
2081
2085
2091
2095
2098
2105
2113
2114
2115
2119
2120
2129
2132
2133
2139
2141
2143
2147
2150
2153
2153
2155
2155
2157
2166
2175
2181
2189
2193
2194
2201
2209
2218
2226
2230
2237
2241
2246
2250
2253
2262
2265
2267
2274
2276
2276
2280
2283
2290
2292
2295
2295
2295
2299
2306
2307
2315
2320
2322
2326
2334
2337
2345
2350
2358
2364
2372
2379
2386
2388
2388
2390
2390
2396
2402
2405
2410
2412
2421
2421
2428
2432
2433
2436
2441
2443
2444
2450
2458
2460
2468
2475
2482
2487
2494
2496
2504
2504
2505
2507
2512
2514
2517
2517
2526
2528
2533
2542
2550
2559
2568
2569
2577
2581
2581
2582
2591
2591
2599
2605
2609
2615
2615
2615
2619
2622
2631
2636
2639
2641
2641
2643
2644
2652
2656
2662
2666
2673
2681
2689
2693
2695
2704
2710
2718
2719
2727
2732
2740
2743
2746
2751
2754
2763
2771
2776
2781
2781
2786
2790
2791
2796
2798
2801
2808
2814
2822
2827
2831
2838
2842
2846
2854
2860
2867
2868
2875
2878
2880
2883
2891
2893
2896
2898
2907
2915
2918
2918
2923
2924
2924
2930
2934
2939
2947
2955
2963
2965
2972
2981
2988
2993
2993
2998
2998
3007
3009
3015
3016
3018
3025
3034
3034
3039
3040
3044
3044
3051
3054
3060
3064
3066
3071
3077
3085
3085
3086
3086
3088
3097
3099
3108
3113
3122
3127
3130
3137
3146
3151
3155
3164
3165
3165
3173
3177
3185
3187
3192
3192
3194
3197
3199
3208
3209
3217
3226
3232
3233
3240
3246
3250
3257
3258
3262
3264
3264
3268
3271
3280
3286
3289
3295
3302
3308
3314
3315
3317
3318
3326
3328
3335
3342
3350
3356
3362
3371
3373
3376
3382
3390
3399
3407
3413
3418
3418
3420
3422
3428
3430
3430
3430
3436
3445
3450
3457
3458
3466
3468
3474
3476
3483
3483
3486
3493
3496
3503
3506
3514
3518
3519
3525
3533
3535
3541
3542
3549
3549
3557
3561
3564
3569
3572
3574
3574
3578
3583
3592
3601
3610
3616
3622
3629
3635
3638
3644
3647
3650
3654
3662
3662
3665
3670
3676
3679
3688
3695
3703
3706
3708
3711
3711
3719
3723
3731
3732
3737
3746
3751
3760
3768
3771
3779
3783
3783
3790
3791
3792
3799
3808
3811
3816
3820
3824
3828
3836
3839
3848
3856
3857
3861
3865
3872
3877
3884
3888
3893
3896
3901
3903
3906
3915
3917
3924
3932
3934
3943
3948
3953
3957
3964
3970
3979
3984
3990
3994
3999
4003
4012
4015
4017
4018
4024
4025
4033
4042
4050
4054
4061
4069
4073
4075
4082
4089
4095
4100
4101
4110
4114
4119
4120
4127
4128
4130
4131
4140
4144
4152
4156
4156
4157
4159
4161
4161
4169
4172
4175
4178
4185
4192
4195
4202
4207
4209
4212
4221
4228
4228
4235
4240
4243
4247
4248
4248
4254
4254
4255
4264
4269
4278
4282
4285
4286
4289
4291
4292
4298
4299
4304
4307
4308
4308
4313
4321
4329
4332
4340
4340
4343
4351
4352
4357
4358
4365
4368
4371
4371
4377
4384
4392
4393
4395
4400
4409
4409
4415
4421
4425
4425
4428
4433
4437
4446
4450
4452
4457
4464
4472
4476
4478
4478
4479
4487
4490
4495
4495
4499
4501
4510
4510
4514
4518
4524
4533