0
4
7
16
24
28
35
44
50
55
62
68
69
70
70
77
78
83
88
88
92
95
101
110
112
115
117
119
128
128
133
136
137
146
147
153
159
165
169
178
187
188
190
198
200
203
207
211
213
216
225
231
233
236
240
241
243
243
246
252
261
264
271
274
282
289
296
302
305
314
323
332
336
342
347
347
349
352
352
352
355
355
358
363
363
370
376
379
383
392
392
398
407
414
417
421
424
428
432
436
437
444
447
451
452
459
468
472
480
486
488
494
496
505
511
511
514
523
530
537
545
549
555
560
564
573
573
579
581
586
595
598
602
602
609
618
618
619
625
630
638
644
647
654
658
660
662
662
666
671
671
679
679
682
685
686
689
697
704
704
711
719
724
727
735
739
742
745
748
757
757
761
762
770
772
780
787
794
798
802
805
812
816
821
827
828
836
845
851
855
857
862
869
875
875
883
885
891
899
905
913
917
920
924
928
928
932
941
949
956
961
967
974
976
978
982
984
985
989
991
999
1000
1000
1008
1014
1023
1024
1032
1036
1040
1046
1046
1049
1056
1058
1061
1062
1068
1076
1076
1080
1086
1086
1087
1091
1098
1102
1102
1110
1115
1119
1127
1136
1137
1140
1149
1157
1158
1160
1166
1170
1170
1173
1179
1183
1185
1190
1199
1204
1213
1214
1215
1216
1218
1224
1231
1237
1237
1244
1251
1255
1262
1263
1263
1272
1281
1285
1287
1296
1297
1304
1310
1314
1323
1330
1333
1336
1339
1348
1354
1361
1364
1368
1372
1380
1380
1389
1396
1403
1406
1407
1415
1419
1420
1426
1435
1435
1443
1444
1449
1455
1462
1471
1477
1485
1487
1493
1493
1498
1504
1508
1512
1520
1527
1531
1536
1544
1546
1548
1554
1563
1568
1571
1571
1580
1583
1583
1586
1590
1595
1602
1606
1608
1613
1618
1626
1626
1633
1636
1639
1647
1649
1656
1663
1668
1671
1676
1680
1680
1682
1689
1689
1689
1691
1700
1700
1705
1707
1709
1718
1727
1728
1733
1740
1740
1745
1750
1753
1761
1767
1770
1772
1779
1785
1794
1796
1796
1801
1807
1814
1815
1816
1825
1825
1834
1840
1842
1842
1844
1851
1852
1854
1854
1859
1868
1871
1880
1884
1885
1888
1889
1897
1902
1911
1920
1925
1934
1938
1942
1946
1953
1957
1962
1966
1966
1970
1972
1978
1979
1985
1987
1987
1990
1994
2001
2009
2017
2024
2033
2034
2034
2042
2051
2054
2059
2063
2063
2063
2065
2071
2076
2080
2086
2095
2096
2101
2110
2117
2117
2117
2121
2127
2128
2137
2144
2148
2153
2162
2166
2168
2175
2183
2184
2184
2186
2187
2187
2192
2198
2198
2201
2203
2206
2215
2217
2219
2222
2230
2237
2245
2251
2251
2259
2267
2274
2283
2291
2293
2296
2297
2303
2309
2318
2319
2325
2331
2333
2341
2342
2344
2344
2346
2347
2356
2356
2358
2360
2365
2370
2379
2383
2388
2392
2399
2408
2416
2420
2426
2435
2436
2441
2445
2449
2455
2460
2469
2473
2474
2479
2486
2491
2496
2505
2512
2512
2517
2517
2522
2522
2525
2532
2533
2536
2543
2551
2558
2562
2571
2578
2584
2589
2597
2600
2602
2607
2615
2616
2622
2630
2637
2644
2649
2650
2650
2659
2665
2666
2671
2680
2686
2687
2692
2697
2699
2703
2708
2716
2719
2726
2730
2732
2736
2745
2746
2754
2756
2762
2769
2772
2780
2787
2794
2802
2806
2809
2815
2818
2821
2828
2830
2831
2837
2846
2847
2856
2860
2864
2869
2877
2882
2883
2883
2887
2895
2899
2908
2909
2911
2915
2919
2922
2922
2928
2936
2938
2944
2946
2948
2957
2963
2972
2976
2984
2987
2994
2999
3000
3004
3009
3013
3016
3025
3034
3037
3044
3050
3050
3052
3052
3052
3052
3053
3056
3056
3057
3061
3066
3067
3071
3074
3077
3079
3079
3083
3083
3089
3098
3105
3108
3116
3120
3123
3124
3132
3134
3134
3142
3147
3155
3158
3164
3167
3171
3178
3182
3182
3186
3190
3196
3200
3202
3205
3210
3219
3226
3228
3234
3235
3239
3239
3239
3242
3244
3246
3252
3254
3259
3262
3263
3263
3268
3273
3282
3291
3296
3298
3298
3301
3309
3315
3316
3324
3328
3330
3335
3340
3349
3358
3366
3368
3371
3373
3381
3388
3390
3391
3395
3398
3400
3402
3403
3408
3408
3416
3423
3428
3433
3442
3442
3450
3455
3458
3462
3462
3465
3474
3479
3486
3492
3494
3500
3504
3506
3507
3513
3519
3526
3533
3542
3542
3548
3555
3557
3561
3561
3562
3562
3565
3570
3579
3586
3586
3592
3600
3601
3606
3606
3611
3618
3625
3628
3631
3631
3632
3636
3638
3639
3644
3648
3649
3658
3662
3663
3664
3665
3672
3676
3683
3683
3692
3701
3701
3704
3704
3712
3715
3719
3725
3729
3730
3732
3740
3746
3753
3755
3762
3765
3767
3772
3778
3782
3790
3796
3798
3806
3814
3822
3824
3827
3832
3835
3841
3843
3844
3846
3847
3853
3860
3861
3865
3871
3880
3882
3888
3896
3897
3898
3899
3907
3912
3912
3916
3923
3928
3936
3945
3948
3950
3952
3960
3966
3967
3968
3976
3983
3988
3997
4005
4006
4009
4013
4017
4021
4026
4032
4037
4044
4051
4055
4057
4060
4068
4069
4078
4086
4088
4097
4099
4108
4108
4113
4121
4125
4134
4137
4140
4146
4152
4155
4157
4163
4168
4176
4185
4186
4187
4194
4202
4207
4215
4224
4228
4229
4236
4237
4244
4248
4251
4255
4259
4260
4261
4262
4270
4279
4283
4288
4292
4292
4295
4295
4303
4305
4312
4317
4324
4333
4340
4343
4348
4350
4358
4365
4374
4381
4390
4398
4399
4401
4402
4409
4415
4417
4426
4430
4432
4436
4439
4447
4452
4453
4462
4465
4465
4466
4466
4469
4471
4473
4478
4486
4490
4499
4501
4503
4506
4512
4515
4518
4525
4532
4539
4546
4547
4552
4561
4563
4570
4570
4574
4577
4583
4591
4591
4591
4593
4601
4607
4607
4610
4611
4620
4621
4629
4629
4632
4636
4640
4645
4646
4650
4655
4663
4672
4673
4678
4682
4690
4692
4699
4705
4709
4711
4711
4712
4712
4721
4721
4725
4730
4734
4738
4741
4746
4747
4753
4762
4765
4766
4767
4774
4774
4775
4781
4785
4791
4800
4800
4804
4810
4811
4811
4812
4818
4821
4827
4830
4836
4838
4845
4851
4858
4867
4868
4877
4882
4884
4887
4887
4894
4897
4904
4907
4912
4912
4914
4919
4920
4923
4925
4925
4926
4931
4932
4934
4936
4944
4952
4959
4968
4975
4975
4976
4979
4984
4987
4989
4989
4990
4999
5005
5009
5011
5017
5018
5021
5028
5037
5037
5041
5041
5043
5050
5054
5057
5057
5063
5064
5071
5077
5083
5087
5089
5092
5096
5099
5107
5113
5115
5120
5120
5122
5127
5135
5135
5137
5145
5153
5155
5155
5155
5155
5164
5165
5169
5170
5171
5180
5181
5189
5198
5206
5211
5218
5223
5227
5235
5239
5241
5249
5256
5257
5266
5268
5273
5276
5280
5282
5285
5291
5293
5299
5303
5305
5307
5316
5322
5328
5333
5334
5336
5337
5341
5349
5357
5360
5361
5370
5378
5387
5395
5401
5410
5414
5420
5425
5431
5434
5434
5434
5443
5443
5452
5453
5455
5463
5469
5473
5475
5478
5479
5486
5486
5494
5498
5504
5512
5513
5521
5526
5535
5544
5544
5553
5554
5558
5559
5565
5570
5574
5578
5582
5585
5592
5600
5603
5611
5619
5626
5628
5631
5634
5643
5646
5648
5654
5657
5659
5666
5675
5678
5684
5693
5697
5699
5704
5709
5713
5721
5730
5732
5734
5742
5749
5749
5756
5756
5762
5764
5765
5766
5775
5783
5791
5792
5793
5800
5806
5813
5818
5827
5833
5836
5840
5849
5853
5857
5861
5866
5871
5873
5881
5883
5888
5892
5899
5902
5905
5914
5916
5920
5928
5936
5936
5943
5948
5954
5961
5969
5970
5972
5972
5981
5983
5983
5985
5987
5989
5991
5997
6004
6013
6018
6023
6028
6029
6029
6029
6031
6031
6034
6037
6040
6040
6044
6046
6047
6054
6054
6055
6061
6061
6069
6069
6071
6075
6077
6086
6089
6094
6103
6110
6114
6115
6119
6124
6124
6130
6136
6141
6141
6147
6155
6158
6161
6161
6164
6167
6170
6173
6179
6187
6195
6200
6205
6208
6209
6216
6218
6223
6226
6234
6236
6236
6244
6252
6252
6256
6262
6264
6269
6276
6283
6287
6287
6293
6296
6298
6304
6307
6311
6318
6321
6326
6331
6337
6338
6338
6347
6348
6353
6359
6366
6371
6372
6374
6376
6381
6384
6390
6390
6399
6403
6410
6415
6422
6428
6432
6438
6442
6449
6452
6461
6462
6469
6475
6480
6482
6487
6490
6498
6498
6503
6507
6509
6510
6515
6522
6522
6522
6525
6528
6529
6538
6543
6551
6560
6561
6563
6564
6565
6574
6575
6584
6585
6592
6594
6601
6602
6606
6615
6623
6629
6630
6637
6642
6648
6649
6653
6656
6663
6666
6670
6675
6681
6684
6689
6692
6700
6708
6712
6716
6719
6725
6734
6737
6742
6751
6758
6759
6763
6763
6772
6772
6776
6785
6794
6803
6811
6816
6818
6821
6821
6822
6822
6829
6837
6839
6847
6854
6854
6861
6867
6869
6872
6877
6880
6888
6889
6896
6899
6905
6908
6915
6916
6925
6927
6928
6935
6943
6946
6953
6956
6963
6971
6980
6988
6990
6991
6994
7000
7003
7012
7019
7027
7034
7040
7043
7044
7053
7061
7061
7067
7075
7082
7088
7097
7104
7113
7119
7120
7128
7132
7132
7137
7144
7152
7152
7157
7166
7168
7176
7183
7187
7195
7198
7200
7209
7215
7218
7226
7226
7233
7236
7241
7245
7250
7251
7252
7256
7262
7264
7269
7274
7278
7283
7287
7291
7300
7302
7305
7309
7309
7312
7317
7323
7330
7338
7344
7349
7355
7362
7365
7371
7376
7381
7385
7385
7387
7396
7397
7402
7408
7417
7418
7423
7425
7428
7428
7430
7432
7436
7445
7450
7456
7463
7466
7471
7474
7476
7480
7481
7487
7494
7500
7500
7503
7503
7508
7512
7518
7525
7527
7536
7544
7546
7549
7550
7555
7561
7565
7565
7574
7577
7578
7585
7588
7597
7602
7607
7607
7614
7618
7621
7628
7628
7628
7629
7633
7635
7639
7640
7640
7641
7643
7645
7647
7651
7659
7663
7670
7672
7678
7686
7691
7692
7699
7699
7699
7702
7706
7707
7707
7715
7721
7730
7733
7733
7740
7741
7746
7746
7747
7749
7749
7752
7754
7760
7763
7767
7769
7773
7774
7775
7778
7780
7781
7781
7788
7788
7792
7800
7807
7815
7815
7817
7818
7820
7828
7831
7840
7849
7852
7859
7861
7864
7872
7874
7874
7881
7882
7882
7890
7895
7900
7903
7903
7904
7904
7913
7918
7926
7931
7940
7944
7948
7951
7958
7961
7964
7972
7981
7989
7996
8005
8011
8020
8024
8033
8042
8051
8053
8057
8059
8064
8064
8070
8074
8075
8078
8083
8088
8092
8100
8100
8102
8107
8110
8117
8125
8129
8137
8137
8144
8150
8157
8158
8160
8166
8169
8169
8178
8184
8186
8187
8189
8192
8201
8209
8213
8213
8221
8224
8228
8228
8231
8232
8232
8236
8243
8249
8257
8257
8260
8268
8272
8279
8279
8283
8290
8292
8300
8305
8310
8311
8318
8323
8325
8325
8331
8337
8340
8342
8349
8352
8359
8367
8368
8375
8377
8380
8385
8386
8393
8394
8394
8396
8400
8409
8415
8418
8421
8428
8428
8436
8445
8446
8451
8460
8460
8468
8472
8481
8484
8486
8494
8500
8507
8508
8510
8510
8516
8517
8520
8522
8522
8526
8528
8530
8539
8543
8546
8553
8554
8559
8567
8573
8574
8574
8582
8588
8595
8604
8611
8616
8618
8620
8629
8636
8645
8646
8649
8652
8661
8663
8664
8672
8674
8680
8683
8684
8687
8688
8697
8706
8714
8718
8720
8729
8735
8735
8741
8741
8749
8755
8762
8763
8771
8776
8781
8785
8786
8786
8794
8795
8799
8799
8801
8801
8810
8815
8824
8832
8841
8841
8842
8844
8850
8856
8858
8858
8859
8859
8867
8872
8876
8881
8882
8889
8892
8895
8899
8899
8908
8910
8917
8919
8920
8920
8923
8926
8930
8932
8940
8946
8953
8955
8961
8968
8972
8973
8980
8988
8988
8996
9001
9010
9017
9019
9022
9026
9030
9038
9043
9045
9045
9052
9059
9066
9068
9076
9078
9082
9085
9088
9090
9098
9107
9111
9115
9123
9128
9129
9132
9136
9138
9140
9149
9152
9158
9163
9167
9169
9175
9177
9183
9184
9191
9191
9192
9196
9198
9203
9210
9211
9212
9214
9216
9222
9228
9234
9241
9245
9248
9253
9259
9264
9270
9272
9274
9275
9282
9290
9294
9298
9299
9306
9307
9309
9316
9325
9329
9333
9339
9341
9342
9349
9354
9363
9368
9372
9380
9380
9388
9393
9395
9398
9407
9409
9417
9423
9430
9435
9442
9449
9454
9461
9463
9468
9475
9480
9484
9485
9487
9490
9499
9506
9514
9518
9525
9529
9531
9534
9538
9539
9542
9551
9558
9564
9570
9570
9571
9574
9578
9583
9588
9596
9600
9600
9606
9614
9616
9617
9620
9620
9621
9629
9638
9643
9647
9656
9656
9665
9672
9675
9680
9683
9689
9692
9701
9705
9712
9717
9717
9726
9733
9734
9737
9740
9749
9755
9764
9771
9774
9774
9776
9785
9786
9792
9799
9799
9802
9804
9812
9819
9827
9828
9837
9838
9842
9848
9849
9857
9862
9866
9869
9874
9879
9883
9883
9887
9888
9895
9901
9905
9907
9908
9910
9910
9916
9923
9929
9932
9932
9936
9942
9944
9950
9958
9959
9966
9967
9971
9977
9985
9986
9993
9999
10006
10014
10014
10022
10026
10028
10034
10043
10043
10044
10044
10052
10061
10068
10068
10068
10074
10078
10082
10085
10092
10099
10108
10112
10118
10121
10130
10130
10131
10132
10134
10142
10148
10151
10159
10163
10166
10170
10175
10182
10188
10191
10197
10201
10206
10206
10209
10215
10218
10225
10228
10232
10237
10244
10253
10254
10258
10263
10271
10280
10289
10298
10306
10306
10314
10322
10323
10330
10333
10333
10341
10350
10354
10358
10362
10365
10369
10378
10379
10385
10389
10398
10398
10403
10405
10410
10418
10426
10427
10434
10435
10437
10440
10445
10453
10454
10463
10468
10475
10484
10490
10492
10492
10499
10507
10513
10522
10527
10528
10532
10536
10539
10540
10544
10545
10545
10545
10552
10559
10564
10565
10568
10571
10579
10586
10591
10591
10595
10604
10613
10613
10618
10624
10626
10630
10630
10631
10635
10641
10650
10653
10655
10658
10667
10675
10676
10685
10694
10703
10706
10706
10711
10714
10714
10717
10720
10726
10730
10736
10739
10748
10752
10754
10754
10763
10769
10772
10777
10779
10783
10792
10800
10804
10813
10818
10819
10822
10828
10835
10837
10844
10844
10852
10855
10864
10871
10873
10875
10883
10888
10893
10897
10904
10912
10919
10925
10926
10929
10937
10941
10950
10950
10957
10963
10964
10969
10976
10982
10983
10990
10992
10995
11000
11005
11012
11018
11022
11022
11031
11039
11048
11054
11057
11065
11065
11065
11071
11075
11078
11080
11085
11094
11095
11102
11106
11110
11111
11119
11119
11123
11125
11126
11129
11138
11143
11143
11145
11147
11152
11161
11164
11165
11166
11175
11182
11186
11187
11191
11192
11195
11196
11197
11205
11214
11214
11217
11217
11218
11219
11223
11230
11232
11240
11249
11256
11259
11267
11270
11276
11285
11291
11292
11301
11309
11315
11316
11318
11320
11324
11332
11341
11350
11353
11353
11354
11357
11365
11366
11368
11373
11375
11383
11390
11395
11404
11411
11414
11416
11418
11422
11431
11432
11432
11438
11447
11451
11456
11464
11467
11476
11479
11484
11492
11496
11503
11503
11510
11516
11517
11526
11527
11536
11538
11543
11543
11545
11554
11561
11567
11571
11577
11579
11584
11592
11594
11596
11598
11601
11604
11610
11615
11619
11619
11623
11625
11628
11629
11630
11630
11639
11642
11645
11651
11657
11657
11661
11662
11667
11671
11674
11681
11686
11688
11697
11702
11702
11703
11712
11718
11726
11732
11732
11733
11734
11737
11738
11738
11739
11740
11741
11743
11747
11751
11753
11761
11767
11769
11778
11781
11783
11783
11784
11790
11790
11795
11798
11799
11804
11806
11810
11814
11820
11823
11823
11823
11824
11825
11829
11832
11841
11844
11847
11848
11857
11861
11861
11870
11870
11872
11872
11877
11885
11892
11897
11899
11899
11904
11911
11913
11920
11927
11928
11928
11933
11937
11939
11947
11954
11961
11969
11974
11976
11985
11992
11997
12000
12002
12008
12017
12023
12025
12025
12027
12033
12037
12046
12054
12056
12059
12060
12067
12075
12084
12090
12094
12101
12108
12109
12109
12114
12115
12122
12130
12130
12131
12134
12143
12150
12158
12166
12174
12181
12187
12188
12189
12197
12198
12199
12204
12208
12213
12219
12224
12233
12241
12244
12252
12261
12267
12275
12283
12285
12291
12292
12299
12304
12304
12310
12313
12316
12325
12329
12338
12346
12346
12355
12364
12367
12370
12375
12379
12379
12387
12391
12394
12395
12397
12399
12400
12400
12405
12406
12406
12406
12410
12416
12420
12428
12428
12433
12433
12437
12439
12442
12444
12445
12453
12456
12463
12471
12476
12483
12485
12489
12497
12498
12502
12509
12512
12516
12519
12526
12534
12540
12541
12547
12550
12551
12551
12553
12562
12565
12568
12573
12574
12579
12584
12585
12589
12598
12599
12604
12605
12610
12618
12622
12627
12629
12630
12633
12636
12644
12653
12657
12663
12666
12668
12677
12682
12690
12696
12699
12702
12706
12713
12715
12721
12729
12729
12733
12737
12745
12749
12758
12759
12764
12766
12768
12777
12782
12791
12800
12800
12801
12801
12801
12804
12806
12811
12818
12824
12829
12836
12840
12840
12848
12853
12861
12867
12868
12872
12877
12882
12882
12886
12895
12899
12901
12908
12908
12912
12913
12915
12921
12925
12926
12934
12936
12938
12938
12942
12951
12951
12952
12960
12962
12966
12967
12969
12975
12979
12981
12986
12987
12992
12995
13000
13005
13014
13021
13030
13032
13034
13040
13041
13044
13051
13053
13058
13060
13064
13064
13066
13073
13075
13080
13082
13087
13090
13095
13104
13106
13110
13115
13115
13117
13119
13125
13125
13127
13127
13132
13135
13135
13136
13136
13143
13145
13153
13158
13165
13170
13173
13181
13188
13194
13196
13197
13205
13206
13210
13215
13222
13227
13234
13243
13252
13257
13259
13262
13270
13273
13273
13279
13284
13289
13293
13293
13296
13296
13301
13309
13313
13322
13325
13333
13337
13340
13349
13354
13354
13355
13364
13367
13373
13381
13386
13389
13392
13393
13396
13396
13401
13409
13416
13422
13426
13430
13435
13441
13447
13449
13450
13457
13460
13465
13466
13473
13481
13489
13495
13495
13500
13507
13507
13512
13517
13522
13524
13533
13542
13548
13553
13553
13561
13570
13575
13579
13580
13588
13596
13596
13605
13610
13615
13618
13627
13628
13632
13633
13639
13645
13648
13648
13649
13656
13657
13662
13666
13668
13676
13685
13693
13698
13698
13702
13707
13708
13712
13721
13723
13728
13729
13736
13741
13748
13750
13754
13755
13757
13759
13765
13772
13774
13780
13783
13783
13792
13796
13804
13813
13817
13822
13827
13834
13843
13852
13855
13862
13863
13869
13873
13875
13879
13879
13882
13886
13894
13903
13910
13911
13920
13928
13933
13935
13939
13941
13944
13947
13953
13960
13961
13966
13966
13973
13982
13983
13983
13983
13992
13994
13996
14005
14008
14009
14018
14025
14029
14038
14047
14055
14063
14067
14075
14077
14079
14085
14090
14096
14103
14104
14106
14106
14114
14115
14124
14130
14139
14146
14149
14152
14154
14159
14160
14160
14168
14177
14179
14183
14186
14186
14195
14197
14198
14199
14199
14201
14208
14211
14219
14219
14225
14231
14237
14238
14243
14252
14259
14268
14273
14274
14282
14284
14292
14295
14295
14296
14297
14306
14311
14312
14321
14326
14333
14333
14340
14347
14353
14361
14364
14366
14367
14372
14378
14380
14385
14385
14385
14386
14394
14394
14400
14404
14410
14413
14420
14428
14431
14432
14432
14433
14434
14441
14447
14450
14457
14457
14457
14464
14467
14471
14474
14477
14482
14483
14488
14492
14498
14500
14508
14512
14518
14522
14525
14526
14526
14532
14534
14538
14543
14552
14559
14568
14574
14576
14582
14583
14587
14588
14596
14605
14610
14614
14623
14627
14629
14631
14634
14636
14639
14640
14645
14653
14660
14668
14671
14672
14680
14683
14692
14700
14707
14716
14720
14725
14725
14732
14741
14744
14752
14755
14755
14759
14767
14767
14774
14776
14783
14787
14790
14799
14805
14807
14808
14810
14815
14817
14825
14826
14833
14835
14843
14849
14858
14867
14867
14873
14873
14876
14885
14892
14892
14894
14897
14901
14902
14906
14913
14917
14926
14929
14931
14937
14942
14944
14945
14952
14960
14964
14968
14972
14973
14976
14981
14984
14984
14991
14999
14999
15004
15013
15019
15027
15032
15032
15037
15042
15043
15046
15053
15059
15061
15062
15066
15066
15074
15078
15083
15085
15089
15096
15098
15101
15108
15115
15118
15124
15125
15134
15142
15144
15153
15159
15165
15173
15180
15184
15184
15188
15188
15193
15193
15201
15206
15210
15213
15221
15228
15229
15229
15235
15238
15246
15255
15260
15260
15260
15268
15274
15274
15276
15284
15284
15285
15285
15287
15287
15288
15290
15290
15296
15303
15309
15318
15327
15335
15339
15344
15347
15355
15358
15361
15365
15370
15375
15379
15388
15390
15394
15396
15398
15403
15403
15406
15413
15416
15420
15427
15431
15436
15437
15444
15450
15457
15463
15463
15472
15472
15472
15473
15479
15486
15487
15494
15499
15503
15512
15517
15526
15532
15539
15540
15547
15552
15558
15561
15567
15573
15582
15586
15588
15588
15590
15594
15599
15607
15616
15625
15626
15632
15640
15645
15652
15660
15669
15677
15678
15686
15694
15696
15698
15699
15706
15711
15713
15721
15729
15737
15737
15742
15751
15760
15764
15771
15780
15784
15791
15792
15797
15806
15808
15816
15818
15821
15828
15830
15832
15836
15843
15847
15847
15848
15849
15850
15857
15862
15870
15876
15885
15886
15888
15894
15901
15906
15914
15920
15926
15929
15931
15940
15940
15942
15951
15956
15960
15960
15962
15968
15972
15981
15989
15998
16005
16011
16012
16017
16017
16025
16028
16031
16034
16042
16043
16047
16052
16060
16063
16067
16072
16075
16080
16088
16091
16097
16098
16098
16106
16112
16116
16125
16127
16136
16141
16144
16147
16153
16156
16158
16166
16175
16183
16191
16197
16198
16206
16212
16217
16221
16225
16227
16233
16233
16233
16238
16246
16250
16255
16258
16260
16262
16266
16269
16278
16286
16295
16296
16296
16304
16305
16307
16307
16315
16321
16328
16331
16336
16337
16340
16341
16347
16356
16362
16367
16372
16380
16385
16389
16389
16391
16396
16396
16400
16405
16409
16412
16414
16415
16423
16427
16434
16438
16443
16449
16450
16450
16459
16463
16471
16480
16489
16491
16493
16502
16507
16513
16520
16528
16536
16543
16545
16549
16552
16559
16559
16566
16573
16578
16586
16588
16590
16598
16602
16602
16608
16616
16619
16626
16631
16637
16646
16653
16653
16655
16661
16665
16671
16679
16679
16684
16688
16692
16699
16707
16716
16723
16728
16732
16737
16744
16745
16752
16760
16762
16765
16765
16765
16765
16769
16769
16777
16781
16783
16785
16790
16796
16804
16808
16811
16814
16822
16826
16830
16839
16841
16845
16845
16853
16854
16855
16855
16855
16862
16869
16875
16876
16882
16884
16890
16890
16890
16896
16900
16900
16903
16904
16913
16921
16922
16922
16924
16931
16940
16943
16950
16957
16964
16968
16971
16979
16982
16984
16993
16993
16999
17007
17014
17016
17025
17026
17031
17033
17035
17037
17040
17047
17052
17057
17059
17068
17072
17077
17081
17089
17095
17096
17100
17102
17102
17103
17109
17118
17121
17123
17132
17134
17137
17142
17150
17159
17160
17166
17169
17177
17185
17193
17202
17206
17208
17217
17224
17229
17234
17243
17251
17251
17252
17258
17267
17268
17277
17279
17284
17287
17296
17304
17308
17313
17319
17322
17329
17333
17334
17342
17346
17353
17356
17363
17365
17371
17374
17381
17382
17382
17382
17383
17392
17397
17403
17410
17416
17418
17420
17425
17434
17434
17434
17437
17444
17447
17450
17455
17458
17462
17465
17471
17474
17483
17484
17489
17493
17497
17497
17505
17513
17516
17525
17526
17532
17535
17535
17543
17550
17558
17558
17558
17559
17559
17563
17565
17572
17576
17577
17583
17592
17594
17603
17603
17612
17613
17613
17619
17623
17631
17638
17640
17645
17654
17661
17666
17671
17679
17688
17694
17694
17703
17705
17711
17720
17727
17732
17738
17738
17743
17743
17751
17756
17760
17764
17767
17769
17775
17784
17785
17792
17793
17798
17807
17810
17816
17824
17832
17834
17837
17839
17843
17846
17853
17853
17854
17858
17858
17866
17874
17879
17881
17889
17889
17896
17897
17905
17910
17915
17915
17923
17928
17934
17943
17951
17951
17959
17966
17972
17980
17982
17986
17994
18000
18004
18012
18014
18022
18025
18032
18040
18040
18041
18049
18053
18057
18065
18066
18067
18067
18072
18075
18082
18090
18091
18095
18095
18103
18103
18105
18107
18116
18120
18127
18131
18134
18135
18135
18142
18142
18143
18146
18152
18157
18159
18162
18162
18171
18176
18178
18183
18184
18186
18190
18199
18200
18207
18211
18211
18216
18220
18223
18226
18231
18239
18241
18249
18258
18266
18266
18275
18277
18283
18290
18291
18291
18297
18299
18308
18309
18312
18316
18325
18328
18335
18339
18342
18344
18348
18355
18355
18358
18361
18361
18366
18375
18384
18393
18393
18402
18403
18408
18408
18415
18421
18427
18433
18439
18439
18448
18449
18450
18451
18456
18462
18462
18469
18476
18480
18480
18481
18488
18494
18501
18507
18512
18516
18519
18521
18521
18521
18522
18530
18531
18538
18540
18540
18545
18547
18553
18562
18564
18572
18576
18583
18586
18586
18586
18592
18598
18606
18609
18610
18612
18621
18624
18626
18632
18633
18639
18648
18657
18665
18671
18674
18681
18687
18689
18690
18692
18692
18701
18705
18711
18716
18719
18722
18730
18739
18747
18753
18760
18761
18767
18769
18777
18778
18780
18787
18792
18798
18800
18801
18810
18812
18819
18828
18829
18838
18845
18847
18853
18860
18866
18872
18877
18885
18892
18900
18909
18910
18910
18912
18912
18917
18923
18928
18935
18940
18946
18951
18957
18960
18964
18968
18968
18970
18977
18980
18983
18988
18996
19005
19014
19015
19023
19024
19030
19036
19042
19049
19049
19052
19059
19068
19077
19077
19083
19087
19095
19096
19105
19114
19115
19124
19131
19138
19143
19144
19149
19152
19159
19168
19169
19174
19174
19182
19182
19189
19192
19197
19200
19202
19202
19207
19212
19216
19218
19219
19220
19224
19233
19234
19240
19248
19249
19251
19253
19260
19260
19266
19268
19276
19281
19286
19286
19287
19292
19300
19302
19309
19312
19321
19323
19325
19329
19332
19336
19340
19343
19345
19350
19358
19366
19370
19372
19380
19388
19396
19396
19400
19402
19405
19411
19416
19419
19424
19428
19429
19430
19430
19437
19439
19447
19454
19454
19460
19460
19466
19471
19478
19481
19486
19493
19497
19504
19510
19511
19519
19523
19527
19532
19541
19546
19546
19552
19552
19554
19559
19567
19574
19576
19580
19582
19584
19584
19591
19594
19600
19602
19607
19614
19619
19621
19627
19627
19636
19636
19636
19637
19644
19653
19661
19661
19666
19670
19670
19670
19670
19676
19683
19683
19691
19700
19708
19710
19714
19717
19726
19731
19740
19747
19755
19759
19764
19765
19771
19772
19772
19772
19780
19789
19796
19803
19811
19820
19822
19825
19832
19834
19837
19843
19847
19849
19858
19858
19859
19859
19860
19861
19868
19870
19874
19874
19881
19889
19893
19900
19901
19904
19913
19915
19919
19920
19929
19930
19933
19936
19943
19944
19953
19960
19960
19965
19968
19977
19986
19992
19996
20001
20008
20013
20013
20020
20021
20030
20039
20039
20041
20041
20048
20049
20056
20060
20067
20067
20073
20077
20077
20085
20090
20096
20099
20101
20107
20114
20122
20123
20125
20128
20135
20141
20142
20151
20160
20164
20169
20176
20184
20190
20196
20196
20202
20206
20206
20213
20218
20221
20227
20233
20234
20235
20235
20236
20237
20245
20246
20250
20255
20260
20268
20274
20274
20281
20284
20292
20296
20301
20304
20306
20306
20307
20316
20319
20327
20332
20333
20342
20350
20357
20365
20369
20369
20372
20373
20379
20384
20384
20386
20391
20400
20406
20413
20422
20430
20431
20431
20431
20432
20439
20444
20452
20453
20461
20462
20463
20469
20474
20481
20485
20487
20496
20498
20498
20503
20504
20512
20519
20527
20533
20539
20546
20552
20559
20566
20566
20573
20578
20581
20583
20585
20589
20594
20595
20603
20605
20610
20613
20620
20624
20630
20634
20640
20647
20656
20658
20663
20669
20669
20675
20681
20688
20691
20691
20693
20698
20700
20701
20702
20708
20714
20718
20722
20729
20735
20740
20746
20750
20754
20758
20762
20767
20770
20777
20786
20786
20788
20796
20798
20800
20806
20809
20811
20817
20825
20830
20834
20835
20841
20841
20850
20853
20859
20859
20861
20868
20875
20883
20886
20893
20901
20909
20918
20921
20922
20927
20930
20938
20943
20943
20949
20955
20959
20963
20967
20975
20982
20986
20986
20992
20995
20997
20998
21001
21005
21014
21018
21023
21032
21032
21039
21041
21046
21046
21052
21059
21059
21061
21067
21067
21074
21080
21086
21089
21097
21100
21102
21104
21105
21108
21112
21116
21121
21129
21138
21145
21145
21154
21156
21158
21164
21166
21172
21181
21183
21191
21193
21201
21207
21212
21219
21221
21223
21224
21230
21238
21241
21248
21253
21256
21257
21263
21270
21272
21273
21281
21285
21287
21287
21290
21296
21300
21306
21312
21317
21320
21322
21324
21331
21338
21341
21345
21345
21346
21349
21356
21359
21361
21368
21368
21373
21373
21376
21377
21379
21381
21381
21388
21394
21403
21411
21414
21423
21425
21432
21438
21443
21452
21458
21458
21463
21466
21469
21474
21477
21477
21482
21487
21492
21492
21492
21500
21502
21510
21512
21512
21515
21515
21522
21525
21533
21537
21543
21549
21550
21559
21560
21566
21571
21577
21580
21588
21597
21598
21598
21600
21609
21615
21616
21624
21624
21633
21641
21650
21657
21663
21665
21672
21678
21681
21683
21691
21697
21699
21703
21707
21713
21715
21721
21727
21727
21732
21741
21748
21751
21753
21757
21758
21766
21774
21775
21781
21782
21786
21790
21797
21800
21804
21808
21808
21815
21815
21816
21820
21820
21820
21826
21833
21840
21847
21853
21855
21858
21867
21869
21872
21880
21888
21889
21897
21897
21901
21906
21907
21907
21909
21909
21913
21916
21925
21932
21932
21932
21937
21938
21941
21950
21953
21957
21958
21963
21969
21974
21980
21983
21986
21987
21990
21996
22002
22009
22012
22012
22013
22020
22027
22029
22030
22039
22047
22052
22056
22064
22067
22067
22067
22076
22078
22083
22083
22089
22091
22095
22100
22105
22113
22120
22120
22121
22129
22130
22137
22141
22142
22151
22153
22162
22166
22175
22175
22179
22185
22188
22196
22203
22207
22215
22217
22223
22228
22230
22239
22243
22250
22258
22260
22261
22265
22273
22277
22283
22287
22295
22303
22305
22312
22315
22317
22324
22333
22338
22344
22346
22346
22347
22349
22353
22359
22365
22368
22368
22371
22380
22388
22396
22397
22397
22399
22405
22410
22414
22416
22421
22426
22429
22429
22432
22433
22441
22447
22453
22453
22456
22458
22465
22470
22471
22472
22475
22477
22477
22479
22484
22489
22489
22489
22493
22493
22497
22500
22509
22510
22519
22527
22536
22539
22547
22552
22554
22562
22568
22575
22582
22586
22587
22590
22599
22607
22613
22621
22625
22634
22639
22643
22648
22649
22658
22659
22662
22665
22671
22677
22683
22691
22692
22700
22704
22710
22714
22714
22716
22718
22721
22725
22726
22727
22734
22740
22748
22755
22755
22758
22759
22768
22769
22773
22773
22778
22781
22785
22789
22793
22793
22798
22804
22810
22813
22818
22823
22828
22831
22836
22844
22849
22855
22857
22861
22867
22869
22869
22877
22883
22892
22899
22902
22907
22913
22918
22918
22919
22921
22925
22927
22934
22935
22937
22942
22949
22953
22957
22960
22962
22967
22968
22974
22979
22987
22993
22997
23006
23014
23015
23022
23025
23030
23033
23036
23038
23045
23047
23056
23063
23070
23070
23073
23073
23075
23077
23078
23081
23081
23084
23086
23088
23089
23093
23099
23104
23111
23119
23121
23128
23131
23137
23140
23146
23149
23151
23157
23161
23161
23165
23166
23173
23174
23179
23188
23197
23198
23198
23206
23215
23216
23221
23223
23226
23230
23239
23242
23249
23254
23257
23258
23262
23262
23269
23277
23281
23289
23297
23303
23305
23306
23311
23311
23316
23325
23331
23332
23339
23345
23345
23350
23357
23358
23364
23364
23364
23372
23377
23379
23387
23395
23399
23407
23416
23422
23424
23426
23435
23442
23449
23451
23455
23456
23458
23463
23471
23480
23487
23493
23495
23504
23510
23514
23522
23531
23532
23541
23544
23547
23550
23551
23553
23562
23570
23573
23573
23580
23580
23586
23590
23593
23596
23604
23610
23613
23620
23625
23633
23638
23647
23647
23656
23665
23666
23675
23678
23682
23684
23692
23698
23700
23700
23703
23703
23712
23712
23720
23724
23727
23735
23742
23745
23748
23748
23753
23762
23763
23769
23770
23771
23774
23780
23786
23787
23791
23800
23807
23815
23819
23819
23821
23827
23828
23834
23843
23851
23859
23864
23873
23878
23884
23886
23892
23899
23903
23908
23910
23911
23918
23918
23919
23920
23928
23929
23934
23938
23946
23953
23962
23969
23976
23984
23985
23994
23994
23998
23999
24001
24009
24013
24021
24026
24026
24034
24035
24041
24050
24050
24053
24058
24065
24065
24066
24072
24081
24081
24089
24097
24099
24105
24114
24116
24121
24122
24127
24135
24142
24147
24151
24151
24154
24159
24164
24168
24171
24180
24188
24195
24204
24210
24213
24218
24221
24227
24233
24237
24242
24248
24249
24256
24258
24263
24265
24266
24270
24276
24279
24285
24286
24294
24299
24307
24307
24308
24314
24316
24321
24322
24326
24330
24338
24342
24344
24352
24360
24366
24373
24378
24384
24390
24398
24403
24408
24411
24416
24425
24432
24439
24439
24444
24446
24447
24453
24456
24461
24461
24470
24477
24480
24483
24483
24489
24497
24504
24507
24515
24524
24527
24532
24534
24537
24545
24547
24552
24554
24559
24559
24562
24571
24572
24572
24572
24572
24578
24586
24589
24589
24592
24594
24595
24599
24608
24613
24616
24616
24616
24625
24628
24628
24631
24635
24640
24646
24653
24657
24665
24665
24673
24674
24681
24689
24692
24696
24704
24708
24715
24717
24721
24729
24729
24731
24736
24737
24746
24747
24751
24751
24755
24763
24768
24777
24786
24786
24787
24790
24799
24802
24804
24813
24813
24822
24830
24838
24840
24849
24857
24862
24864
24864
24873
24873
24881
24889
24892
24892
24894
24894
24903
24911
24917
24926
24932
24939
24941
24948
24955
24964
24973
24976
24978
24987
24987
24994
24996
24998
25006
25009
25016
25021
25025
25033
25033
25037
25039
25048
25057
25059
25068
25076
25082
25091
25095
25104
25111
25115
25116
25121
25130
25134
25137
25146
25154
25162
25167
25171
25174
25178
25187
25188
25197
25201
25210
25219
25228
25228
25228
25235
25236
25241
25247
25252
25261
25270
25271
25271
25272
25274
25279
25283
25292
25300
25300
25301
25309
25317
25325
25328
25335
25337
25340
25344
25351
25352
25352
25356
25360
25365
25368
25371
25376
25379
25388
25391
25395
25404
25405
25409
25409
25411
25416
25416
25422
25427
25432
25433
25437
25446
25452
25452
25452
25461
25467
25471
25474
25478
25485
25485
25493
25496
25505
25508
25513
25514
25519
25524
25524
25531
25531
25531
25536
25544
25546
25551
25554
25560
25565
25572
25572
25581
25585
25594
25597
25606
25613
25622
25629
25636
25642
25651
25654
25662
25662
25669
25676
25683
25683
25685
25691
25696
25697
25701
25701
25709
25709
25710
25714
25716
25721
25721
25722
25725
25734
25737
25743
25747
25753
25757
25757
25766
25771
25771
25776
25780
25787
25794
25803
25808
25815
25816
25820
25820
25823
25825
25830
25839
25843
25844
25850
25859
25868
25874
25875
25883
25883
25892
25892
25897
25905
25907
25916
25916
25920
25920
25921
25929
25931
25937
25939
25942
25951
25955
25964
25968
25968
25972
25974
25974
25982
25982
25987
25994
25994
25999
26000
26000
26006
26013
26017
26022
26029
26033
26042
26046
26048
26049
26058
26065
26070
26070
26076
26082
26091
26093
26098
26098
26106
26111
26112
26121
26129
26132
26141
26145
26145
26153
26161
26168
26169
26177
26185
26187
26192
26195
26200
26200
26204
26210
26219
26224
26226
26227
26230
26231
26239
26239
26247
26255
26255
26262
26268
26270
26271
26275
26275
26282
26282
26288
26292
26296
26300
26307
26309
26313
26314
26315
26324
26332
26333
26336
26337
26345
26353
26353
26360
26368
26374
26374
26378
26384
26386
26389
26395
26396
26402
26407
26407
26414
26416
26423
26424
26429
26437
26439
26441
26442
26442
26448
26455
26460
26467
26470
26475
26483
26486
26492
26498
26499
26501
26507
26510
26511
26512
26514
26519
26523
26526
26529
26532
26537
26540
26542
26543
26551
26559
26565
26567
26569
26573
26574
26582
26585
26592
26596
26599
26603
26611
26614
26618
26620
26624
26631
26640
26643
26647
26652
26660
26668
26670
26677
26680
26684
26688
26690
26694
26702
26707
26709
26710
26717
26722
26727
26735
26735
26739
26740
26743
26751
26758
26764
26769
26777
26778
26780
26783
26787
26791
26795
26799
26805
26809
26809
26815
26818
26827
26830
26835
26838
26840
26844
26846
26852
26854
26860
26867
26872
26875
26876
26884
26892
26897
26902
26904
26911
26920
26923
26928
26936
26944
26951
26960
26964
26965
26969
26970
26975
26984
26984
26985
26994
26996
26999
27000
27008
27017
27018
27025
27033
27036
27042
27046
27047
27052
27053
27057
27064
27067
27074
27080
27086
27095
27101
27104
27112
27118
27127
27135
27140
27144
27152
27158
27165
27168
27168
27173
27178
27187
27192
27194
27195
27195
27204
27207
27211
27211
27212
27213
27220
27220
27221
27224
27227
27233
27238
27239
27242
27242
27245
27254
27254
27257
27264
27273
27280
27284
27285
27287
27295
27298
27304
27312
27317
27318
27325
27330
27339
27340
27349
27349
27349
27349
27356
27356
27357
27363
27369
27369
27372
27372
27374
27380
27386
27394
27401
27405
27409
27413
27415
27415
27424
27432
27441
27448
27448
27452
27455
27461
27461
27470
27478
27483
27485
27485
27485
27488
27494
27499
27505
27505
27513
27522
27522
27525
27526
27528
27531
27536
27544
27544
27550
27559
27567
27576
27582
27584
27590
27590
27593
27593
27593
27596
27605
27611
27618
27626
27631
27631
27635
27639
27641
27643
27644
27646
27653
27659
27659
27665
27665
27667
27676
27677
27681
27688
27688
27697
27705
27714
27722
27727
27736
27741
27748
27755
27756
27759
27761
27768
27770
27777
27781
27782
27789
27789
27793
27799
27802
27807
27808
27813
27814
27823
27827
27835
27840
27843
27846
27853
27855
27855
27858
27864
27866
27873
27878
27878
27886
27895
27896
27903
27909
27916
27921
27929
27932
27940
27947
27954
27960
27967
27967
27969
27975
27983
27992
28000
28003
28008
28012
28015
28019
28026
28035
28035
28036
28037
28043
28050
28056
28058
28060
28065
28065
28073
28074
28079
28079
28079
28080
28082
28091
28093
28101
28104
28105
28105
28107
28114
28118
28118
28119
28125
28132
28138
28144
28152
28152
28155
28164
28173
28179
28180
28189
28191
28191
28197
28197
28199
28208
28214
28219
28222
28227
28233
28234
28235
28241
28250
28256
28258
28260
28267
28269
28272
28276
28285
28292
28299
28305
28313
28320
28325
28332
28333
28334
28339
28342
28344
28348
28350
28359
28361
28366
28372
28377
28384
28392
28398
28398
28402
28404
28411
28414
28420
28428
28429
28432
28440
28444
28445
28445
28446
28455
28461
28470
28470
28473
28480
28487
28495
28495
28498
28507
28507
28508
28508
28513
28518
28523
28527
28534
28534
28538
28545
28552
28553
28556
28565
28566
28573
28576
28583
28591
28599
28607
28614
28619
28624
28631
28638
28638
28646
28652
28653
28659
28661
28662
28670
28676
28682
28688
28696
28701
28706
28708
28714
28722
28724
28725
28733
28738
28738
28746
28754
28757
28764
28767
28767
28775
28784
28787
28795
28799
28803
28803
28807
28807
28812
28817
28817
28821
28829
28837
28842
28843
28848
28852
28857
28859
28866
28873
28876
28879
28887
28887
28892
28898
28905
28907
28913
28913
28916
28923
28927
28927
28930
28935
28944
28953
28962
28962
28966
28975
28976
28977
28983
28992
28999
29005
29008
29013
29016
29023
29023
29023
29028
29035
29039
29042
29049
29050
29053
29053
29055
29057
29063
29063
29064
29066
29069
29073
29076
29083
29086
29091
29100
29103
29109
29115
29119
29128
29136
29138
29145
29150
29158
29160
29163
29164
29173
29176
29181
29189
29196
29199
29199
29208
29215
29219
29227
29236
29241
29243
29247
29255
29264
29267
29268
29275
29280
29287
29287
29295
29298
29304
29313
29317
29326
29334
29338
29347
29347
29352
29360
29368
29377
29382
29388
29394
29400
29405
29412
29412
29414
29423
29430
29439
29442
29445
29450
29453
29456
29458
29458
29463
29467
29469
29469
29473
29477
29484
29484
29490
29499
29504
29512
29517
29519
29525
29533
29536
29540
29542
29548
29557
29565
29569
29574
29577
29584
29587
29593
29594
29597
29605
29605
29605
29611
29613
29617
29623
29626
29633
29639
29647
29654
29663
29670
29672
29672
29679
29685
29693
29693
29698
29701
29701
29710
29712
29712
29714
29715
29715
29716
29718
29727
29727
29729
29730
29731
29740
29745
29747
29750
29751
29760
29769
29769
29775
29782
29784
29785
29792
29800
29805
29806
29807
29807
29808
29810
29819
29828
29834
29837
29842
29845
29854
29856
29863
29865
29874
29878
29883
29892
29896
29899
29902
29909
29917
29920
29929
29935
29939
29947
29948
29952
29961
29966
29969
29974
29982
29983
29986
29989
29995
30004
30006
30015
30019
30026
30035
30037
30040
30044
30048
30052
30055
30064
30066
30075
30076
30080
30085
30093
30097
30104
30106
30110
30115
30122
30125
30134
30139
30146
30153
30159
30165
30167
30176
30181
30190
30193
30197
30203
30208
30212
30214
30215
30218
30224
30229
30234
30238
30239
30240
30244
30248
30253
30253
30259
30268
30270
30272
30279
30283
30292
30296
30297
30301
30301
30304
30306
30310
30319
30326
30326
30333
30342
30348
30356
30359
30367
30367
30376
30382
30389
30394
30396
30402
30404
30409
30417
30424
30429
30438
30441
30446
30448
30451
30459
30466
30470
30470
30477
30484
30491
30492
30501
30508
30511
30511
30517
30526
30528
30536
30539
30542
30551
30554
30559
30567
30571
30575
30576
30580
30586
30592
30594
30601
30602
30603
30610
30614
30618
30618
30618
30622
30626
30633
30634
30634
30635
30641
30645
30648
30656
30660
30667
30670
30671
30673
30677
30679
30681
30683
30684
30686
30689
30698
30704
30707
30711
30713
30718
30721
30730
30733
30739
30746
30748
30751
30756
30764
30771
30776
30780
30780
30781
30785
30788
30795
30796
30797
30802
30810
30815
30816
30821
30824
30826
30835
30838
30841
30841
30845
30851
30853
30856
30858
30863
30863
30870
30875
30877
30886
30889
30891
30895
30897
30903
30911
30916
30917
30925
30927
30933
30941
30946
30948
30956
30962
30965
30970
30971
30980
30987
30989
30996
31005
31013
31021
31024
31031
31037
31046
31050
31050
31058
31063
31065
31070
31070
31078
31086
31088
31094
31094
31095
31099
31101
31103
31105
31114
31115
31119
31125
31129
31133
31142
31148
31152
31155
31162
31163
31169
31177
31180
31187
31187
31196
31203
31203
31203
31209
31218
31218
31222
31222
31222
31224
31233
31242
31249
31256
31265
31273
31274
31278
31286
31293
31302
31308
31314
31320
31321
31326
31330
31333
31334
31336
31343
31352
31361
31368
31375
31383
31384
31392
31395
31400
31408
31416
31418
31426
31428
31430
31436
31443
31449
31453
31458
31465
31466
31471
31475
31475
31475
31475
31477
31484
31484
31486
31487
31496
31505
31513
31519
31528
31528
31531
31531
31533
31535
31538
31538
31544
31550
31556
31562
31563
31566
31568
31572
31575
31575
31584
31592
31599
31606
31610
31612
31621
31624
31627
31632
31641
31644
31651
31657
31663
31668
31673
31678
31684
31685
31685
31686
31690
31691
31692
31694
31699
31706
31707
31712
31719
31723
31725
31725
31725
31727
31727
31733
31733
31738
31742
31749
31750
31758
31761
31761
31767
31776
31776
31784
31791
31796
31803
31808
31813
31817
31819
31819
31827
31834
31836
31840
31840
31842
31842
31851
31858
31863
31871
31880
31880
31888
31897
31906
31913
31918
31918
31926
31927
31931
31932
31932
31938
31940
31947
31956
31958
31965
31970
31970
31979
31982
31983
31983
31987
31996
32000
32009
32011
32020
32020
32029
32037
32046
32048
32053
32061
32064
32064
32064
32071
32079
32084
32087
32096
32096
32098
32099
32106
32111
32113
32116
32121
32121
32121
32126
32126
32127
32136
32142
32143
32152
32160
32164
32164
32168
32173
32175
32183
32186
32189
32189
32195
32195
32195
32202
32209
32215
32217
32220
32225
32234
32241
32250
32254
32259
32268
32272
32272
32275
32284
32287
32287
32294
32298
32306
32312
32312
32318
32321
32330
32337
32340
32348
32356
32360
32363
32368
32376
32384
32390
32392
32400
32407
32411
32419
32428
32436
32438
32447
32454
32456
32461
32467
32467
32476
32479
32487
32487
32493
32496
32502
32503
32506
32511
32518
32524
32528
32536
32544
32551
32552
32554
32561
32564
32568
32569
32570
32570
32570
32576
32576
32580
32580
32585
32588
32592
32598
32598
32601
32607
32613
32621
32626
32629
32637
32638
32638
32644
32646
32653
32653
32654
32656
32665
32667
32667
32671
32676
32683
32687
32694
32699
32705
32707
32710
32719
32726
32726
32728
32731
32734
32735
32742
32742
32750
32753
32756
32758
32767
32768
32771
32773
32782
32785
32791
32791
32799
32801
32803
32809
32811
32814
32822
32831
32840
32844
32846
32847
32848
32857
32862
32871
32871
32876
32879
32880
32883
32885
32891
32896
32896
32901
32909
32910
32914
32922
32929
32936
32944
32950
32955
32958
32962
32965
32967
32973
32982
32982
32982
32985
32985
32992
32993
32997
32997
32998
33005
33011
33014
33016
33016
33018
33020
33020
33027
33029
33034
33042
33051
33054
33057
33058
33058
33059
33068
33076
33081
33081
33086
33091
33095
33098
33103
33107
33112
33114
33118
33120
33124
33126
33133
33135
33135
33138
33141
33148
33152
33154
33158
33164
33164
33165
33172
33180
33183
33187
33192
33197
33199
33200
33204
33205
33205
33211
33212
33216
33222
33223
33230
33236
33236
33241
33242
33247
33251
33255
33258
33263
33264
33265
33274
33274
33282
33282
33287
33292
33300
33306
33312
33318
33322
33325
33330
33335
33336
33338
33341
33344
33348
33349
33356
33361
33363
33368
33375
33383
33384
33393
33394
33398
33401
33401
33402
33404
33409
33414
33423
33426
33430
33437
33443
33452
33461
33465
33472
33473
33475
33475
33477
33483
33487
33496
33498
33501
33508
33511
33511
33511
33511
33514
33522
33522
33526
33532
33540
33541
33541
33545
33546
33549
33551
33554
33554
33558
33565
33567
33574
33578
33583
33584
33591
33598
33599
33608
33612
33614
33619
33619
33628
33634
33643
33650
33653
33657
33657
33658
33658
33664
33664
33666
33668
33674
33681
33690
33697
33697
33703
33709
33715
33716
33723
33724
33732
33737
33746
33748
33751
33756
33765
33765
33768
33771
33776
33777
33783
33791
33793
33798
33804
33807
33811
33812
33812
33821
33824
33825
33829
33833
33836
33840
33845
33849
33851
33855
33860
33867
33874
33881
33887
33889
33895
33895
33897
33906
33911
33915
33922
33923
33930
33932
33941
33947
33955
33962
33963
33964
33967
33974
33979
33986
33988
33997
33998
34002
34007
34014
34016
34023
34024
34028
34028
34030
34032
34036
34038
34043
34052
34052
34054
34060
34065
34071
34076
34080
34089
34095
34099
34106
34112
34120
34124
34130
34139
34147
34153
34156
34160
34165
34167
34172
34172
34179
34180
34183
34192
34196
34203
34206
34213
34218
34223
34231
34239
34243
34245
34254
34259
34261
34264
34266
34268
34274
34280
34285
34292
34293
34297
34299
34299
34299
34303
34312
34315
34317
34322
34327
34329
34335
34340
34341
34347
34350
34354
34360
34369
34370
34375
34379
34380
34387
34387
34390
34393
34398
34406
34408
34410
34410
34411
34412
34420
34423
34429
34432
34440
34441
34450
34453
34453
34457
34465
34469
34474
34478
34485
34490
34498
34499
34499
34502
34510
34519
34527
34533
34539
34546
34549
34549
34554
34556
34564
34573
34575
34583
34585
34587
34595
34601
34602
34608
34616
34616
34620
34627
34634
34639
34645
34647
34650
34653
34660
34668
34668
34676
34683
34691
34693
34696
34702
34711
34720
34724
34726
34729
34734
34741
34743
34746
34747
34750
34759
34763
34765
34765
34771
34779
34779
34787
34794
34797
34797
34806
34815
34823
34825
34827
34833
34839
34845
34850
34858
34866
34872
34874
34883
34883
34887
34893
34902
34904
34910
34917
34925
34930
34937
34945
34950
34953
34959
34963
34964
34973
34977
34980
34988
34990
34990
34996
35001
35008
35016
35025
35027
35031
35038
35045
35048
35051
35053
35056
35062
35062
35062
35066
35074
35082
35082
35087
35088
35093
35096
35096
35097
35102
35106
35109
35117
35119
35122
35130
35138
35142
35146
35146
35149
35155
35156
35159
35159
35160
35167
35175
35183
35184
35191
35193
35199
35200
35203
35210
35218
35226
35229
35237
35239
35241
35241
35244
35244
35244
35250
35256
35260
35264
35268
35274
35276
35283
35288
35294
35301
35308
35317
35326
35328
35329
35335
35340
35346
35347
35348
35348
35355
35360
35360
35368
35372
35381
35381
35387
35387
35396
35399
35403
35408
35408
35416
35423
35426
35435
35436
35442
35444
35447
35450
35452
35453
35459
35467
35468
35468
35477
35485
35493
35495
35500
35504
35508
35514
35515
35515
35521
35530
35531
35540
35542
35542
35546
35550
35551
35559
35568
35571
35574
35583
35585
35589
35597
35599
35601
35603
35611
35614
35618
35625
35628
35631
35632
35637
35639
35647
35650
35658
35658
35665
35668
35671
35680
35685
35690
35692
35696
35697
35702
35710
35713
35720
35725
35725
35726
35728
35730
35738
35744
35753
35760
35767
35774
35779
35785
35792
35793
35793
35798
35799
35800
35802
35810
35813
35817
35825
35832
35832
35839
35840
35846
35853
35858
35860
35869
35875
35875
35879
35879
35883
35889
35893
35894
35898
35906
35910
35919
35926
35931
35932
35936
35936
35937
35940
35947
35951
35954
35962
35969
35971
35980
35980
35988
35991
35998
35999
36008
36015
36019
36025
36026
36033
36037
36042
36049
36053
36058
36058
36063
36065
36070
36071
36075
36082
36084
36086
36093
36095
36100
36101
36106
36113
36115
36117
36123
36123
36123
36128
36136
36141
36141
36141
36145
36151
36152
36155
36164
36168
36176
36184
36186
36191
36194
36198
36202
36206
36212
36219
36224
36230
36230
36237
36243
36247
36256
36264
36271
36277
36284
36285
36292
36299
36300
36306
36315
36324
36332
36341
36341
36343
36350
36354
36355
36355
36361
36369
36375
36377
36384
36385
36387
36394
36398
36401
36402
36408
36414
36423
36426
36433
36433
36440
36442
36442
36443
36448
36456
36457
36462
36467
36473
36479
36487
36496
36505
36512
36512
36518
36523
36525
36531
36537
36537
36538
36541
36550
36552
36559
36568
36573
36579
36580
36587
36590
36596
36602
36605
36611
36620
36627
36629
36630
36639
36643
36648
36651
36654
36659
36668
36673
36675
36675
36678
36678
36682
36685
36686
36689
36695
36700
36708
36712
36721
36729
36730
36737
36743
36743
36747
36750
36750
36755
36755
36756
36764
36765
36771
36779
36779
36788
36794
36799
36800
36801
36806
36814
36817
36823
36829
36835
36840
36841
36842
36851
36853
36861
36864
36864
36871
36876
36878
36886
36892
36892
36892
36897
36897
36904
36909
36910
36915
36917
36920
36922
36931
36931
36939
36948
36950
36950
36956
36964
36969
36971
36971
36979
36987
36988
36991
36992
36998
37003
37007
37008
37014
37017
37025
37033
37042
37047
37053
37061
37064
37069
37076
37078
37086
37092
37101
37108
37116
37121
37123
37129
37132
37141
37149
37154
37156
37161
37165
37166
37166
37172
37178
37185
37191
37193
37202
37202
37209
37211
37220
37225
37232
37240
37246
37250
37257
37266
37272
37276
37282
37287
37289
37293
37298
37303
37304
37306
37311
37316
37320
37320
37328
37337
37341
37346
37351
37358
37359
37366
37369
37372
37379
37386
37389
37396
37403
37409
37411
37414
37417
37420
37429
37435
37441
37443
37452
37452
37452
37458
37460
37466
37471
37480
37481
37490
37499
37503
37504
37505
37507
37516
37517
37517
37519
37524
37530
37539
37543
37551
37555
37560
37569
37569
37570
37578
37578
37579
37584
37586
37586
37588
37590
37591
37598
37598
37604
37613
37622
37625
37629
37630
37632
37635
37635
37644
37648
37649
37651
37656
37661
37668
37672
37678
37686
37691
37692
37695
37703
37704
37704
37710
37713
37717
37725
37727
37729
37732
37735
37742
37747
37752
37758
37764
37767
37770
37775
37781
37786
37793
37794
37801
37807
37809
37811
37816
37821
37823
37824
37829
37829
37835
37837
37840
37847
37851
37854
37857
37863
37872
37879
37884
37889
37898
37905
37910
37911
37912
37919
37926
37927
37936
37936
37936
37939
37942
37948
37948
37948
37954
37955
37957
37959
37966
37972
37979
37987
37989
37994
37999
38002
38006
38013
38014
38016
38020
38028
38030
38036
38040
38045
38053
38057
38064
38070
38074
38075
38075
38080
38089
38089
38094
38096
38102
38103
38108
38108
38112
38114
38119
38124
38127
38128
38136
38140
38145
38147
38154
38159
38164
38166
38171
38177
38180
38186
38190
38199
38199
38207
38211
38218
38220
38223
38230
38239
38246
38250
38254
38261
38264
38270
38274
38276
38281
38282
38285
38292
38293
38298
38302
38309
38312
38312
38312
38317
38319
38323
38328
38332
38333
38336
38341
38348
38351
38354
38357
38359
38366
38373
38373
38373
38381
38387
38392
38401
38401
38404
38406
38411
38412
38421
38430
38431
38432
38438
38443
38445
38446
38450
38456
38459
38466
38468
38469
38471
38479
38482
38486
38491
38498
38503
38512
38514
38521
38530
38530
38533
38538
38544
38546
38549
38550
38558
38564
38573
38574
38580
38587
38593
38600
38606
38615
38620
38625
38629
38637
38642
38647
38653
38653
38656
38664
38672
38675
38683
38689
38698
38705
38712
38715
38724
38725
38728
38735
38738
38742
38745
38749
38755
38755
38760
38767
38771
38771
38773
38781
38786
38787
38796
38804
38806
38809
38811
38818
38826
38835
38838
38838
38841
38841
38845
38847
38851
38860
38864
38865
38872
38880
38881
38890
38898
38900
38909
38917
38919
38921
38924
38927
38936
38945
38954
38957
38961
38963
38968
38972
38975
38979
38979
38983
38990
38990
38996
39004
39011
39014
39018
39025
39027
39031
39038
39040
39040
39041
39043
39045
39045
39049
39054
39060
39067
39073
39077
39082
39088
39091
39093
39102
39102
39106
39115
39117
39122
39128
39134
39136
39137
39144
39151
39154
39163
39163
39169
39177
39177
39177
39179
39184
39184
39190
39193
39194
39201
39203
39208
39213
39216
39220
39229
39236
39241
39242
39247
39252
39258
39264
39272
39275
39277
39284
39288
39292
39294
39294
39297
39303
39310
39312
39316
39320
39328
39328
39328
39337
39345
39350
39354
39362
39367
39367
39370
39371
39378
39380
39387
39389
39393
39395
39403
39407
39408
39412
39420
39429
39438
39445
39451
39451
39452
39453
39454
39456
39464
39464
39468
39477
39481
39489
39495
39501
39503
39504
39509
39510
39512
39515
39515
39516
39516
39517
39526
39529
39533
39533
39542
39548
39554
39556
39562
39564
39568
39575
39581
39588
39591
39592
39592
39601
39601
39608
39611
39614
39614
39619
39622
39630
39631
39639
39648
39653
39658
39659
39661
39670
39674
39679
39686
39694
39695
39695
39702
39707
39716
39722
39725
39733
39740
39743
39751
39753
39761
39765
39774
39774
39780
39787
39792
39801
39807
39811
39812
39818
39821
39821
39830
39838
39845
39845
39846
39848
39854
39858
39861
39865
39871
39872
39873
39877
39881
39881
39885
39888
39896
39896
39898
39906
39906
39915
39921
39927
39936
39943
39948
39955
39961
39966
39966
39973
39976
39983
39992
39998
40002
40009
40013
40019
40024
40029
40032
40041
40045
40046
40047
40047
40055
40057
40061
40069
40069
40077
40083
40089
40089
40094
40101
40104
40106
40108
40114
40119
40119
40125
40125
40126
40131
40137
40137
40145
40147
40151
40155
40157
40162
40167
40171
40175
40183
40187
40189
40197
40198
40202
40210
40212
40219
40222
40226
40228
40235
40235
40238
40240
40249
40251
40258
40267
40275
40283
40283
40289
40289
40293
40298
40302
40309
40317
40321
40329
40330
40334
40343
40345
40348
40353
40358
40366
40369
40369
40371
40380
40389
40396
40396
40403
40405
40411
40418
40419
40427
40433
40439
40443
40450
40457
40462
40467
40469
40471
40477
40485
40494
40495
40501
40507
40513
40517
40517
40526
40532
40537
40542
40543
40543
40546
40547
40549
40553
40553
40556
40560
40563
40563
40564
40571
40571
40579
40586
40594
40601
40601
40609
40614
40619
40622
40627
40633
40635
40644
40650
40658
40666
40667
40673
40673
40676
40681
40689
40695
40695
40703
40705
40705
40710
40718
40724
40724
40733
40738
40747
40753
40757
40765
40767
40776
40785
40793
40798
40806
40809
40809
40813
40818
40820
40821
40821
40825
40825
40828
40837
40841
40849
40852
40853
40861
40864
40866
40867
40874
40881
40885
40893
40894
40903
40903
40912
40921
40927
40927
40934
40938
40941
40949
40954
40954
40954
40958
40965
40971
40976
40983
40983
40989
40994
40995
41001
41004
41004
41007
41007
41016
41021
41021
41022
41023
41026
41026
41029
41035
41043
41047
41047
41047
41047
41054
41061
41063
41071
41074
41081
41082
41088
41096
41100
41101
41105
41105
41107
41112
41116
41116
41120
41123
41132
41133
41140
41143
41149
41150
41155
41161
41166
41175
41176
41184
41187
41190
41197
41201
41207
41210
41219
41227
41230
41234
41236
41240
41244
41246
41251
41252
41258
41267
41275
41280
41285
41285
41288
41292
41300
41302
41302
41310
41310
41311
41316
41325
41333
41336
41344
41353
41360
41362
41367
41373
41375
41382
41390
41391
41391
41397
41398
41403
41403
41411
41417
41419
41427
41436
41440
41443
41446
41446
41448
41450
41457
41465
41474
41482
41483
41487
41496
41505
41508
41508
41508
41509
41516
41522
41531
41540
41548
41548
41553
41561
41569
41570
41574
41579
41579
41581
41590
41591
41593
41597
41604
41609
41610
41616
41623
41629
41637
41639
41640
41649
41657
41664
41668
41673
41673
41677
41682
41685
41688
41694
41702
41703
41711
41720
41727
41727
41727
41727
41732
41738
41747
41754
41754
41762
41762
41768
41772
41773
41780
41789
41796
41796
41799
41801
41802
41807
41815
41818
41822
41829
41832
41836
41840
41842
41848
41855
41856
41865
41867
41876
41877
41881
41886
41890
41893
41901
41904
41905
41908
41917
41921
41928
41928
41930
41932
41938
41944
41948
41951
41952
41955
41960
41960
41966
41973
41977
41979
41985
41992
41997
42006
42014
42021
42029
42033
42033
42038
42047
42049
42055
42058
42063
42068
42068
42074
42082
42089
42092
42096
42100
42106
42112
42121
42123
42125
42126
42130
42132
42138
42139
42147
42150
42155
42160
42164
42165
42166
42168
42177
42180
42187
42189
42190
42190
42198
42200
42202
42208
42216
42219
42228
42228
42232
42238
42246
42249
42252
42254
42257
42263
42271
42276
42283
42285
42285
42285
42288
42297
42304
42306
42311
42317
42317
42323
42331
42338
42345
42350
42350
42359
42366
42372
42381
42386
42395
42399
42400
42407
42416
42424
42425
42429
42436
42437
42438
42443
42451
42453
42456
42459
42466
42468
42471
42477
42478
42483
42486
42486
42487
42492
42494
42499
42499
42504
42505
42512
42513
42516
42520
42527
42531
42538
42544
42550
42553
42557
42559
42561
42567
42570
42571
42577
42581
42584
42591
42600
42603
42609
42615
42622
42626
42632
42637
42640
42641
42647
42650
42659
42668
42677
42678
42685
42693
42700
42700
42704
42709
42710
42717
42720
42728
42735
42741
42749
42749
42756
42765
42769
42775
42775
42775
42777
42777
42779
42779
42787
42796
42801
42805
42809
42812
42816
42825
42830
42838
42839
42840
42840
42842
42846
42852
42859
42862
42863
42868
42872
42878
42884
42884
42888
42897
42906
42913
42914
42921
42921
42921
42925
42927
42936
42939
42947
42951
42952
42954
42958
42962
42965
42974
42978
42981
42990
42993
42998
43002
43004
43008
43016
43018
43021
43021
43027
43031
43036
43043
43051
43054
43057
43061
43065
43067
43068
43077
43079
43087
43091
43091
43094
43103
43110
43119
43123
43132
43134
43139
43144
43149
43151
43155
43164
43165
43172
43172
43174
43178
43183
43190
43199
43208
43217
43223
43230
43231
43236
43241
43247
43253
43254
43255
43257
43265
43269
43277
43283
43287
43295
43302
43306
43312
43313
43317
43317
43320
43328
43332
43334
43335
43338
43338
43344
43348
43350
43352
43360
43361
43362
43365
43366
43374
43375
43377
43385
43391
43393
43397
43402
43403
43407
43407
43412
43419
43422
43423
43426
43433
43438
43444
43449
43454
43455
43456
43459
43461
43462
43466
43469
43477
43477
43477
43477
43479
43484
43493
43497
43505
43507
43515
43515
43522
43530
43531
43539
43539
43547
43551
43558
43565
43574
43579
43585
43588
43596
43601
43602
43610
43610
43613
43619
43627
43627
43633
43638
43646
43654
43655
43659
43663
43663
43669
43669
43669
43673
43673
43675
43679
43688
43694
43703
43707
43708
43710
43716
43719
43719
43721
43730
43736
43743
43747
43751
43752
43755
43755
43764
43770
43771
43773
43780
43785
43785
43787
43790
43791
43793
43802
43808
43812
43819
43821
43824
43828
43829
43836
43838
43844
43851
43853
43853
43859
43860
43864
43866
43874
43881
43889
43889
43890
43895
43900
43902
43910
43919
43922
43926
43934
43941
43946
43948
43948
43956
43965
43970
43970
43970
43970
43978
43982
43986
43989
43997
44003
44009
44015
44023
44030
44031
44036
44043
44046
44051
44054
44055
44058
44059
44065
44070
44075
44083
44085
44090
44093
44095
44103
44108
44112
44114
44120
44124
44126
44126
44130
44135
44139
44143
44149
44150
44153
44161
44169
44172
44175
44181
44190
44190
44199
44203
44208
44215
44222
44224
44227
44230
44237
44242
44243
44252
44253
44260
44265
44268
44272
44277
44278
44278
44286
44286
44288
44290
44291
44291
44293
44294